problem NAME: X200-HD
COMMENT: Generated by Uchoa, Pecin, Pessoa, Poggi, Subramanian, and Vidal (2013). Modified by Sadykov, Pessoa and Uchoa (2017). Converted to PyVRP's VRPLIB dialect.
TYPE: HFVRP
DIMENSION: 200
VEHICLES: 39
EDGE_WEIGHT_TYPE: EUC_2D
NODE_COORD_SECTION
1	957	135
2	149	141
3	1	96
4	228	268
5	781	529
6	867	797
7	109	53
8	13	449
9	133	293
10	259	172
11	908	678
12	930	867
13	903	766
14	143	263
15	735	501
16	259	253
17	59	62
18	737	464
19	925	587
20	16	404
21	893	720
22	131	188
23	226	228
24	285	68
25	113	323
26	67	307
27	797	381
28	804	573
29	892	838
30	307	141
31	40	347
32	933	708
33	906	725
34	242	231
35	310	255
36	183	308
37	57	153
38	122	254
39	1	437
40	83	548
41	872	427
42	118	317
43	100	402
44	54	335
45	180	118
46	875	774
47	792	774
48	92	166
49	890	821
50	184	6
51	189	299
52	230	234
53	61	728
54	147	501
55	180	371
56	756	455
57	121	248
58	747	756
59	890	825
60	275	63
61	67	131
62	96	15
63	709	611
64	893	822
65	121	170
66	770	580
67	122	320
68	695	626
69	712	670
70	101	98
71	824	813
72	256	265
73	726	553
74	248	359
75	864	742
76	149	74
77	872	329
78	847	817
79	864	575
80	976	818
81	193	126
82	79	88
83	97	403
84	284	424
85	907	842
86	808	590
87	146	120
88	66	480
89	824	634
90	9	421
91	152	157
92	318	223
93	853	307
94	184	277
95	268	379
96	183	236
97	93	217
98	207	439
99	280	417
100	80	110
101	20	67
102	142	384
103	165	63
104	62	410
105	176	261
106	223	301
107	830	608
108	7	164
109	188	108
110	770	537
111	168	99
112	641	321
113	174	165
114	886	816
115	53	303
116	216	377
117	214	261
118	104	44
119	393	114
120	222	51
121	261	355
122	894	577
123	35	285
124	93	509
125	127	150
126	873	468
127	60	105
128	133	232
129	147	252
130	778	547
131	227	403
132	46	419
133	82	381
134	83	80
135	43	466
136	246	330
137	337	216
138	83	205
139	9	55
140	127	123
141	121	449
142	72	189
143	771	491
144	73	201
145	181	188
146	727	549
147	26	332
148	221	419
149	17	212
150	59	359
151	798	525
152	714	613
153	91	419
154	229	353
155	875	568
156	241	285
157	236	368
158	45	86
159	446	310
160	128	366
161	163	168
162	322	272
163	958	864
164	754	814
165	136	184
166	111	119
167	120	300
168	686	372
169	32	68
170	224	70
171	113	76
172	228	73
173	216	34
174	218	360
175	157	167
176	58	242
177	84	263
178	330	253
179	903	822
180	900	858
181	270	381
182	15	37
183	79	523
184	207	329
185	130	274
186	870	860
187	791	305
188	13	535
189	800	823
190	224	244
191	580	504
192	88	389
193	3	172
194	62	499
195	791	692
196	186	373
197	300	26
198	52	204
199	163	305
200	135	270
DEMAND_SECTION
1	0
2	83
3	52
4	73
5	70
6	86
7	51
8	74
9	84
10	52
11	93
12	91
13	89
14	64
15	75
16	64
17	61
18	2
19	86
20	95
21	100
22	73
23	61
24	83
25	60
26	85
27	48
28	66
29	70
30	91
31	54
32	55
33	64
34	56
35	62
36	89
37	100
38	96
39	67
40	21
41	15
42	55
43	58
44	84
45	85
46	91
47	55
48	79
49	79
50	82
51	91
52	89
53	22
54	31
55	85
56	22
57	72
58	59
59	95
60	99
61	98
62	54
63	96
64	69
65	97
66	67
67	80
68	65
69	86
70	90
71	72
72	69
73	80
74	72
75	62
76	78
77	24
78	88
79	70
80	71
81	76
82	93
83	64
84	80
85	91
86	75
87	81
88	79
89	71
90	51
91	65
92	68
93	39
94	69
95	55
96	100
97	98
98	87
99	55
100	79
101	68
102	99
103	52
104	99
105	85
106	77
107	51
108	55
109	54
110	70
111	88
112	9
113	91
114	65
115	67
116	93
117	70
118	73
119	98
120	64
121	68
122	100
123	66
124	8
125	98
126	15
127	71
128	92
129	72
130	76
131	76
132	93
133	97
134	79
135	99
136	58
137	84
138	82
139	86
140	77
141	75
142	59
143	24
144	69
145	95
146	83
147	53
148	56
149	57
150	67
151	62
152	62
153	91
154	60
155	71
156	68
157	84
158	64
159	71
160	82
161	59
162	72
163	95
164	63
165	94
166	92
167	98
168	14
169	85
170	52
171	85
172	96
173	62
174	76
175	72
176	94
177	52
178	51
179	54
180	96
181	96
182	82
183	10
184	54
185	82
186	58
187	28
188	37
189	90
190	91
191	95
192	89
193	88
194	100
195	87
196	66
197	88
198	74
199	70
200	80
CAPACITY_SECTION
1	277
2	277
3	277
4	277
5	277
6	302
7	302
8	302
9	302
10	302
11	330
12	330
13	330
14	330
15	330
16	360
17	360
18	360
19	360
20	392
21	392
22	392
23	392
24	428
25	428
26	428
27	428
28	466
29	466
30	466
31	466
32	509
33	509
34	509
35	509
36	555
37	555
38	555
39	555
VEHICLES_UNIT_DISTANCE_COST_SECTION
1	77
2	77
3	77
4	77
5	77
6	82
7	82
8	82
9	82
10	82
11	88
12	88
13	88
14	88
15	88
16	94
17	94
18	94
19	94
20	100
21	100
22	100
23	100
24	170
25	170
26	170
27	170
28	113
29	113
30	113
31	113
32	121
33	121
34	121
35	121
36	129
37	129
38	129
39	129
DEPOT_SECTION
1
EOF               

Optimal Solution
Route #1: 172 119 169 171
Route #2: 23 59 196
Route #3: 167 190 62 65
Route #4: 27 85 88 106
Route #5: 87 193 123 182 39 187 52
Route #6: 120 73 94 180 111
Route #7: 118 29 136
Route #8: 55 145 72 14 17 186
Route #9: 194 68 67 151
Route #10: 57 163 188 77
Route #11: 158 161 34 177 91
Route #12: 10 20 32 31
Route #13: 74 45 5 12
Route #14: 178 84 185 70 46
Route #15: 101 42 82 140 53
Route #16: 110 126 60 36
Route #17: 33 51 189 22 9
Route #18: 79 162 11 179
Route #19: 83 98 97 147 130
Route #20: 3 116 93 50 35
Route #21: 197 148 192 107 2 157
Route #22: 135 183 105 155 71 15
Route #23: 113 48 58 28 63
Route #24: 92 26 142 109 129 4 150 76
Route #25: 40 125 78 154 121 18
Route #26: 
Route #27: 
Route #28: 156 115 195 54 173 153
Route #29: 128 96 137 143 141 47
Route #30: 144 164 21 64 124
Route #31: 86 99 81 133 6 49
Route #32: 104 13 37 56 127 95
Route #33: 117 16 168 100 138 181 61
Route #34: 108 44 1 90 174 160 112
Route #35: 41 149 19 89 38 7 134
Route #36: 176 175 122 146 30 43 114 25
Route #37: 199 184 8 166 24 66 198
Route #38: 102 75 170 69 165 139 80
Route #39: 152 131 103 132 191 159
Cost: 60119.25          




Veri dosyasi: X200-HD.txt
Instance    : X200-HD
Nodes       : 200  |  Customers: 199
Vehicle types: 9  (toplam araç: 39)
  Type 0: cap=277.0  cpm=1.0  fc=77.0  max=5
  Type 1: cap=302.0  cpm=1.0  fc=82.0  max=5
  Type 2: cap=330.0  cpm=1.0  fc=88.0  max=5
  Type 3: cap=360.0  cpm=1.0  fc=94.0  max=4
  Type 4: cap=392.0  cpm=1.0  fc=100.0  max=4
  Type 5: cap=428.0  cpm=1.0  fc=170.0  max=4
  Type 6: cap=466.0  cpm=1.0  fc=113.0  max=4
  Type 7: cap=509.0  cpm=1.0  fc=121.0  max=4
  Type 8: cap=555.0  cpm=1.0  fc=129.0  max=4
SO cap_pw=300.0  relax_period=25  enforce_period=25
Initial best cost: 80318.0
Initial routes   : 38
Hunt 1/15 | alpha=7 | hunt_best=66013.0000 | global_best=66013.0000 | hunt_routes=37 | best_routes=37 | pop_min=66013.0000 | pop_mean=67663.0000 | pop_max=69565.0000 | stagnation=0 | closed_regions=1 | elite_pool=6 | bandit={'shaw': 0.73, 'worst': 0.2059, 'targeted': 39.6211, 'route': 6.4133} | so_relax=2 so_enforce=3
Hunt 2/15 | alpha=7 | hunt_best=65101.0000 | global_best=65101.0000 | hunt_routes=37 | best_routes=37 | pop_min=65101.0000 | pop_mean=66083.1000 | pop_max=68130.0000 | stagnation=0 | closed_regions=2 | elite_pool=6 | bandit={'shaw': 0.8771, 'worst': 0.2, 'targeted': 0.2, 'route': 13.788} | so_relax=4 so_enforce=6
Hunt 3/15 | alpha=7 | hunt_best=64875.0000 | global_best=64875.0000 | hunt_routes=37 | best_routes=37 | pop_min=64875.0000 | pop_mean=65708.1000 | pop_max=66685.0000 | stagnation=0 | closed_regions=3 | elite_pool=6 | bandit={'shaw': 0.3665, 'worst': 0.2, 'targeted': 0.2, 'route': 12.1103} | so_relax=6 so_enforce=9
Hunt 4/15 | alpha=9 | hunt_best=64000.0000 | global_best=64000.0000 | hunt_routes=37 | best_routes=37 | pop_min=64000.0000 | pop_mean=65217.1000 | pop_max=66502.0000 | stagnation=0 | closed_regions=4 | elite_pool=6 | bandit={'shaw': 0.7017, 'worst': 0.2, 'targeted': 0.2, 'route': 15.8659} | so_relax=8 so_enforce=12
Hunt 5/15 | alpha=9 | hunt_best=63976.0000 | global_best=63976.0000 | hunt_routes=37 | best_routes=37 | pop_min=63976.0000 | pop_mean=65228.5000 | pop_max=66510.0000 | stagnation=0 | closed_regions=5 | elite_pool=6 | bandit={'shaw': 0.74, 'worst': 0.2, 'targeted': 0.2, 'route': 11.0472} | so_relax=10 so_enforce=15
Hunt 6/15 | alpha=6 | hunt_best=63872.0000 | global_best=63872.0000 | hunt_routes=37 | best_routes=37 | pop_min=63872.0000 | pop_mean=65199.8000 | pop_max=66588.0000 | stagnation=0 | closed_regions=6 | elite_pool=6 | bandit={'shaw': 7.6, 'worst': 0.2, 'targeted': 0.3589, 'route': 3.889} | so_relax=12 so_enforce=18
Hunt 7/15 | alpha=6 | hunt_best=63838.0000 | global_best=63838.0000 | hunt_routes=37 | best_routes=37 | pop_min=63838.0000 | pop_mean=65142.3000 | pop_max=66397.0000 | stagnation=0 | closed_regions=7 | elite_pool=6 | bandit={'shaw': 0.9831, 'worst': 0.2, 'targeted': 0.7068, 'route': 7.3169} | so_relax=14 so_enforce=21
Hunt 8/15 | alpha=6 | hunt_best=63825.0000 | global_best=63825.0000 | hunt_routes=37 | best_routes=37 | pop_min=63825.0000 | pop_mean=64941.3000 | pop_max=66005.0000 | stagnation=0 | closed_regions=8 | elite_pool=6 | bandit={'shaw': 1.4131, 'worst': 0.2, 'targeted': 4.8217, 'route': 2.1206} | so_relax=16 so_enforce=24
Hunt 9/15 | alpha=9 | hunt_best=63816.0000 | global_best=63816.0000 | hunt_routes=37 | best_routes=37 | pop_min=63816.0000 | pop_mean=64949.7000 | pop_max=66131.0000 | stagnation=0 | closed_regions=9 | elite_pool=6 | bandit={'shaw': 5.0079, 'worst': 0.2, 'targeted': 0.7688, 'route': 1.7129} | so_relax=18 so_enforce=27
Hunt 10/15 | alpha=9 | hunt_best=63801.0000 | global_best=63801.0000 | hunt_routes=37 | best_routes=37 | pop_min=63801.0000 | pop_mean=65116.5000 | pop_max=66455.0000 | stagnation=0 | closed_regions=10 | elite_pool=6 | bandit={'shaw': 5.7244, 'worst': 0.2, 'targeted': 0.2, 'route': 1.5358} | so_relax=20 so_enforce=30
Hunt 11/15 | alpha=6 | hunt_best=63811.0000 | global_best=63801.0000 | hunt_routes=37 | best_routes=37 | pop_min=63811.0000 | pop_mean=64895.2000 | pop_max=65945.0000 | stagnation=1 | closed_regions=11 | elite_pool=6 | bandit={'shaw': 1.4733, 'worst': 0.2, 'targeted': 0.2, 'route': 1.6282} | so_relax=22 so_enforce=33
Hunt 12/15 | alpha=6 | hunt_best=63811.0000 | global_best=63801.0000 | hunt_routes=37 | best_routes=37 | pop_min=63811.0000 | pop_mean=65186.7000 | pop_max=67058.0000 | stagnation=2 | closed_regions=12 | elite_pool=6 | bandit={'shaw': 0.994, 'worst': 0.2, 'targeted': 0.2, 'route': 1.2688} | so_relax=24 so_enforce=36
Hunt 13/15 | alpha=9 | hunt_best=63801.0000 | global_best=63801.0000 | hunt_routes=37 | best_routes=37 | pop_min=63801.0000 | pop_mean=65410.3000 | pop_max=67141.0000 | stagnation=3 | closed_regions=13 | elite_pool=6 | bandit={'shaw': 0.971, 'worst': 0.2, 'targeted': 0.232, 'route': 1.4908} | so_relax=26 so_enforce=39
Hunt 14/15 | alpha=6 | hunt_best=63801.0000 | global_best=63801.0000 | hunt_routes=37 | best_routes=37 | pop_min=63801.0000 | pop_mean=65506.3000 | pop_max=67634.0000 | stagnation=4 | closed_regions=14 | elite_pool=6 | bandit={'shaw': 1.3007, 'worst': 0.2, 'targeted': 0.2, 'route': 1.4935} | so_relax=28 so_enforce=42
Hunt 15/15 | alpha=9 | hunt_best=63801.0000 | global_best=63801.0000 | hunt_routes=37 | best_routes=37 | pop_min=63801.0000 | pop_mean=65529.4000 | pop_max=67904.0000 | stagnation=5 | closed_regions=15 | elite_pool=6 | bandit={'shaw': 0.7699, 'worst': 0.2, 'targeted': 0.2, 'route': 1.4935} | so_relax=30 so_enforce=45

===== FINAL BEST =====
Instance   : X200-HD
Feasible   : True
Hard Feas. : True
Route count: 37
Total cost : 63801.0
Type usage : {'type0(cap=277.0)': 4, 'type1(cap=302.0)': 5, 'type2(cap=330.0)': 4, 'type3(cap=360.0)': 4, 'type4(cap=392.0)': 4, 'type5(cap=428.0)': 4, 'type6(cap=466.0)': 4, 'type7(cap=509.0)': 4, 'type8(cap=555.0)': 4}
Route loads: [374.0, 293.0, 423.0, 299.0, 414.0, 509.0, 357.0, 317.0, 452.0, 462.0, 342.0, 139.0, 410.0, 291.0, 358.0, 468.0, 281.0, 357.0, 426.0, 553.0, 507.0, 543.0, 482.0, 454.0, 386.0, 466.0, 551.0, 330.0, 271.0, 383.0, 269.0, 329.0, 302.0, 547.0, 332.0, 259.0, 327.0]
Route dist : [2037.0, 1482.0, 1519.0, 1318.0, 1718.0, 1774.0, 972.0, 1614.0, 1621.0, 1572.0, 1625.0, 648.0, 1814.0, 1500.0, 1427.0, 1685.0, 1389.0, 1476.0, 1724.0, 2072.0, 1754.0, 1934.0, 1854.0, 1871.0, 1118.0, 1946.0, 2262.0, 1775.0, 1390.0, 1592.0, 1247.0, 1061.0, 1258.0, 2427.0, 1837.0, 1580.0, 1930.0]
Route costs: [2137.0, 1564.0, 1689.0, 1400.0, 1888.0, 1895.0, 1066.0, 1702.0, 1734.0, 1685.0, 1719.0, 725.0, 1984.0, 1582.0, 1521.0, 1806.0, 1471.0, 1576.0, 1894.0, 2201.0, 1875.0, 2063.0, 1975.0, 1984.0, 1218.0, 2059.0, 2391.0, 1863.0, 1467.0, 1692.0, 1324.0, 1149.0, 1340.0, 2556.0, 1931.0, 1657.0, 2018.0]
  Route  0 [type4]: [1, 193, 198, 176, 123, 177, 1]
  Route  1 [type1]: [1, 35, 72, 16, 119, 1]
  Route  2 [type5]: [1, 29, 180, 12, 163, 80, 1]
  Route  3 [type1]: [1, 32, 13, 46, 33, 1]
  Route  4 [type5]: [1, 57, 38, 185, 14, 96, 1]
  Route  5 [type7]: [1, 197, 120, 173, 171, 140, 87, 170, 1]
  Route  6 [type3]: [1, 19, 122, 155, 79, 126, 41, 1]
  Route  7 [type2]: [1, 94, 51, 36, 156, 1]
  Route  8 [type6]: [1, 23, 105, 117, 52, 190, 34, 1]
  Route  9 [type6]: [1, 58, 189, 71, 78, 186, 59, 1]
  Route 10 [type3]: [1, 95, 181, 99, 148, 84, 1]
  Route 11 [type0]: [1, 187, 27, 93, 77, 1]
  Route 12 [type5]: [1, 4, 9, 26, 167, 199, 1]
  Route 13 [type1]: [1, 6, 164, 47, 195, 1]
  Route 14 [type3]: [1, 114, 49, 64, 85, 179, 1]
  Route 15 [type7]: [1, 2, 91, 125, 175, 161, 113, 1]
  Route 16 [type1]: [1, 151, 69, 75, 89, 1]
  Route 17 [type4]: [1, 137, 30, 60, 24, 1]
  Route 18 [type5]: [1, 129, 128, 165, 22, 145, 1]
  Route 19 [type8]: [1, 108, 3, 139, 182, 101, 169, 158, 17, 1]
  Route 20 [type7]: [1, 172, 103, 166, 45, 109, 81, 10, 1]
  Route 21 [type8]: [1, 138, 144, 142, 149, 37, 48, 65, 1]
  Route 22 [type7]: [1, 70, 61, 127, 82, 134, 7, 1]
  Route 23 [type6]: [1, 111, 76, 100, 118, 62, 50, 1]
  Route 24 [type4]: [1, 152, 68, 63, 73, 146, 1]
  Route 25 [type6]: [1, 200, 115, 147, 44, 150, 25, 42, 1]
  Route 26 [type8]: [1, 153, 88, 188, 8, 39, 90, 31, 97, 1]
  Route 27 [type2]: [1, 196, 55, 102, 67, 1]
  Route 28 [type0]: [1, 112, 159, 162, 178, 92, 1]
  Route 29 [type4]: [1, 136, 74, 157, 116, 174, 1]
  Route 30 [type0]: [1, 130, 21, 11, 1]
  Route 31 [type2]: [1, 110, 66, 86, 107, 28, 1]
  Route 32 [type1]: [1, 168, 191, 18, 56, 15, 5, 143, 1]
  Route 33 [type8]: [1, 53, 40, 183, 124, 194, 135, 20, 132, 104, 1]
  Route 34 [type3]: [1, 83, 192, 133, 160, 1]
  Route 35 [type0]: [1, 121, 154, 184, 106, 1]
  Route 36 [type2]: [1, 54, 141, 43, 98, 131, 1]